T:
273.000000
274.169597
275.337616
276.502480
277.662621
278.816480
279.962509
281.099176
282.224971
283.338402
284.438004
285.522339
286.590000
287.639614
288.669844
289.679392
290.667001
291.631460
292.571603
293.486313
294.374525
295.235228
296.067463
296.870334
297.642998
298.384677
299.094655
299.772277
300.416957
301.028172
301.605469
302.148461
302.656833
303.130336
303.568795
303.972102
304.340223
304.673193
304.971118
305.234175
305.462611
305.656743
305.816957
305.943706
306.037512
306.098963
306.128712
306.127476
306.096035
306.035228
305.945954
305.829170
305.685889
305.517174
305.324144
305.107963
304.869844
304.611043
304.332857
304.036625
303.723718
303.395545
303.053543
302.699176
302.333937
301.959337
301.576907
301.188194
300.794759
300.398169
