109192443473.000000
-21224282479026.023438
1009798099889405.750000
-20361557232294328.000000
214083109211095808.000000
-1289622102335793920.000000
4600937912507546624.000000
-9536497127739435008.000000
10521880145359390720.000000
-5526497134988525568.000000
4203010920923051520.000000
-5476238672817424384.000000
1331971554407998208.000000
-14589869768878258176.000000
23400711205949370368.000000
22405432680375857152.000000
-19817895458098065408.000000
-41154387899405459456.000000
-7716491368713786368.000000
26261123631109193728.000000
51848807466602192896.000000
-209288066400763264.000000
-21425130025752408064.000000
-31470379668989079552.000000
-25488643771405250560.000000
17515074960214243328.000000
-11453834880295129088.000000
55765011612511846400.000000
33641922814291529728.000000
-54421296715019673600.000000
25511203495329308672.000000
-35561897169832464384.000000
-39530504249048358912.000000
-1651200587010291200.000000
69472685273151447040.000000
6058589250089096192.000000
-54037476584762695680.000000
15708460478884794368.000000
11347251855160172544.000000
53394985154594086912.000000
9441810171268059136.000000
-1024345501096508160.000000
-45678319172118798336.000000
-64009399058898714624.000000
-24942752392763469824.000000
-33923544603860828160.000000
56895449906243280896.000000
7327568471147728896.000000
82282699297784086528.000000
31379666909710888960.000000
-11901534447347167232.000000
-24961434821046202368.000000
16535172227882985472.000000
18010400738487263232.000000
-111620524415656902656.000000
-40979553944379867136.000000
128402119784050638848.000000
-35900246692971671552.000000
-102486221300381941760.000000
87241832266191241216.000000
11666597813791877120.000000
-5782982966322853888.000000
-23055284429729980416.000000
42040411092165550080.000000
-24037061177879355392.000000
-5814974850480922624.000000
92286677330307661824.000000
-50735824184066736128.000000
-47513281868821676032.000000
-18504216480894816256.000000
